Al Capone;Elon Musk;CANCELLED;01:15
Queen of Brexit;Scooby Dam;FAILED;05:31
Scooby Dam;Donald Truck;CANCELLED;05:32
Mr. Trumpet;Elon Musk;CANCELLED;03:16
Donald Truck;Porschet;CANCELLED;05:41
Mr. Trumpet;Parry Hotter;FAILED;03:34
Mr. Trumpet;Porschet;FAILED;03:48
Al Capone;Bill Gates;BOSSDIDIT;06:38
Porschet;Scooby Dam;CANCELLED;02:00
Porschet;Donald Truck;CANCELLED;02:19
Mr. Trumpet;Parry Hotter;CANCELLED;05:42
Queen of Brexit;Porschet;CANCELLED;00:54
Scooby Dam;Donald Truck;BOSSDIDIT;01:55
Elon Musk;Mr. Trumpet;CANCELLED;04:32
Parry Hotter;Al Capone;CANCELLED;01:12
Porschet;Mr. Trumpet;FAILED;01:50
Mr. Trumpet;Parry Hotter;CANCELLED;06:00
Queen of Brexit;Al Capone;CANCELLED;03:19
Bill Gates;Lil Shiftkey;FAILED;04:30
Queen of Brexit;Bill Gates;DONE;03:20
Donald Truck;Bill Gates;DONE;02:40
Lil Shiftkey;Donald Truck;DONE;02:49
Bill Gates;Mr. Trumpet;DONE;03:20
Al Capone;Queen of Brexit;CANCELLED;02:08
Donald Truck;Porschet;CANCELLED;02:01
Bill Gates;Lil Shiftkey;CANCELLED;01:13
Parry Hotter;Elon Musk;FAILED;04:45
Bill Gates;Queen of Brexit;DONE;00:00
Porschet;Queen of Brexit;CANCELLED;01:04
Parry Hotter;Al Capone;DONE;06:09
Elon Musk;Al Capone;FAILED;00:43
Donald Truck;Mr. Trumpet;FAILED;06:27
Lil Shiftkey;Mr. Trumpet;BOSSDIDIT;03:55
Scooby Dam;Mr. Trumpet;FAILED;05:38
Lil Shiftkey;Donald Truck;FAILED;03:39
Elon Musk;Parry Hotter;CANCELLED;05:28
Parry Hotter;Porschet;CANCELLED;06:39
Queen of Brexit;Lil Shiftkey;BOSSDIDIT;04:45
Mr. Trumpet;Queen of Brexit;FAILED;01:30
Al Capone;Donald Truck;BOSSDIDIT;02:56
Parry Hotter;Lil Shiftkey;CANCELLED;03:42
Mr. Trumpet;Porschet;BOSSDIDIT;04:39
Lil Shiftkey;Bill Gates;FAILED;02:58
Porschet;Queen of Brexit;DONE;04:39
Mr. Trumpet;Elon Musk;FAILED;05:51
Parry Hotter;Scooby Dam;DONE;00:26
Bill Gates;Lil Shiftkey;CANCELLED;02:20
Porschet;Donald Truck;CANCELLED;01:45
Mr. Trumpet;Scooby Dam;FAILED;06:09
Donald Truck;Porschet;FAILED;01:28
Porschet;Donald Truck;CANCELLED;00:48
Elon Musk;Mr. Trumpet;FAILED;06:36

